ncalls: 21
opt_density: 2022.1124708407444
opt_spacing: 687.8250780827808
opt_time: 4.112731456756592
