ncalls: 19
opt_density: 2022.090154145677
opt_spacing: 691.5205901386818
opt_time: 3.8261332511901855
