ncalls: 20
opt_density: 2022.0901541443097
opt_spacing: 691.5207887858968
opt_time: 3.9389891624450684
