ncalls: 19
opt_density: 2022.1124708404957
opt_spacing: 687.8253269946449
opt_time: 3.7554047107696533
