ncalls: 23
opt_density: 2022.1124708406787
opt_spacing: 687.8252083180942
opt_time: 4.635542869567871
