ncalls: 24
opt_density: 2022.112470840744
opt_spacing: 687.8250950361227
opt_time: 4.930326223373413
