ncalls: 17
opt_density: 2019.6957570399031
opt_spacing: 651.397464608772
opt_time: 3.374805450439453
