ncalls: 13
opt_density: 2022.0901540272062
opt_spacing: 691.5144934681789
opt_time: 2.526293992996216
