ncalls: 17
opt_density: 2019.6957570402162
opt_spacing: 651.3970020234133
opt_time: 3.3039209842681885
