ncalls: 24
opt_density: 2022.1124708407435
opt_spacing: 687.8250680951676
opt_time: 4.782989025115967
