ncalls: 23
opt_density: 2022.112470839791
opt_spacing: 687.825560502811
opt_time: 4.5415894985198975
