ncalls: 17
opt_density: 2019.6957568996631
opt_spacing: 651.4026045531588
opt_time: 3.2360503673553467
