ncalls: 12
opt_density: 2019.6957570402672
opt_spacing: 651.3972837980531
opt_time: 2.2754898071289062
