ncalls: 15
opt_density: 2019.695757008933
opt_spacing: 651.3945907167875
opt_time: 2.8749260902404785
