ncalls: 16
opt_density: 2022.1124708406564
opt_spacing: 687.8249389532966
opt_time: 3.0543079376220703
