ncalls: 17
opt_density: 2022.1124708304967
opt_spacing: 687.8266465068643
opt_time: 3.296980619430542
