ncalls: 13
opt_density: 2019.6957569985648
opt_spacing: 651.3941964444224
opt_time: 2.480496644973755
