ncalls: 25
opt_density: 2022.1124706187134
opt_spacing: 687.8178106075513
opt_time: 4.99720573425293
