ncalls: 24
opt_density: 2022.1124708407306
opt_spacing: 687.8250273760224
opt_time: 4.734817743301392
