ncalls: 13
opt_density: 2019.6957570402737
opt_spacing: 651.3972775292676
opt_time: 2.4808995723724365
