ncalls: 19
opt_density: 2019.6957566645278
opt_spacing: 651.3882668872444
opt_time: 3.676565170288086
