ncalls: 15
opt_density: 2019.6957570060385
opt_spacing: 651.394474813519
opt_time: 2.9600534439086914
