ncalls: 15
opt_density: 2022.0901541478654
opt_spacing: 691.5198875930021
opt_time: 2.870823860168457
