ncalls: 15
opt_density: 2019.6957570317725
opt_spacing: 651.3958192922453
opt_time: 3.270918130874634
