ncalls: 15
opt_density: 2019.6957570171999
opt_spacing: 651.3949549455774
opt_time: 2.926865577697754
