ncalls: 15
opt_density: 2022.1124708390944
opt_spacing: 687.8244569280712
opt_time: 2.914862871170044
