ncalls: 23
opt_density: 2022.1124708388102
opt_spacing: 687.8257627809
opt_time: 4.545226335525513
