ncalls: 21
opt_density: 2022.1124707859667
opt_spacing: 687.828696610729
opt_time: 4.160734176635742
