ncalls: 23
opt_density: 2022.1124708361367
opt_spacing: 687.8261316537505
opt_time: 4.533501386642456
