ncalls: 21
opt_density: 2022.11247084066
opt_spacing: 687.8252260270425
opt_time: 4.203420400619507
