ncalls: 19
opt_density: 2022.090154127298
opt_spacing: 691.5220845645008
opt_time: 3.6939642429351807
