ncalls: 17
opt_density: 2022.1124704870772
opt_spacing: 687.8159043677576
opt_time: 3.2130470275878906
