ncalls: 23
opt_density: 2022.1124708406526
opt_spacing: 687.8252315591902
opt_time: 4.575815439224243
