ncalls: 24
opt_density: 2022.112470840744
opt_spacing: 687.8250950815836
opt_time: 4.8648552894592285
