ncalls: 25
opt_density: 2022.1124708405353
opt_spacing: 687.8253073575086
opt_time: 4.9433674812316895
