ncalls: 15
opt_density: 2022.090154143938
opt_spacing: 691.520835706651
opt_time: 2.854748010635376
