ncalls: 19
opt_density: 2022.1124708405546
opt_spacing: 687.8252966193853
opt_time: 3.7191848754882812
