ncalls: 19
opt_density: 2022.112470835742
opt_spacing: 687.8261755755032
opt_time: 3.782042980194092
