ncalls: 15
opt_density: 2019.6957570403367
opt_spacing: 651.3971467699713
opt_time: 2.876122236251831
