ncalls: 18
opt_density: 2019.6957570403292
opt_spacing: 651.3972048672254
opt_time: 3.4745962619781494
