ncalls: 15
opt_density: 2022.1124708400655
opt_spacing: 687.8246820204917
opt_time: 2.834383964538574
