ncalls: 15
opt_density: 2019.6957570283284
opt_spacing: 651.395572013079
opt_time: 2.9866297245025635
