ncalls: 24
opt_density: 2022.1124708407417
opt_spacing: 687.8251085531255
opt_time: 4.886953592300415
