ncalls: 25
opt_density: 2022.1124706066505
opt_spacing: 687.8176156325626
opt_time: 5.061503887176514
