ncalls: 21
opt_density: 2022.1124708407422
opt_spacing: 687.8251081283121
opt_time: 4.160267353057861
