ncalls: 21
opt_density: 2022.1124708407428
opt_spacing: 687.8251051781914
opt_time: 4.249711990356445
