ncalls: 21
opt_density: 2022.1124708407283
opt_spacing: 687.8251452812405
opt_time: 4.161013126373291
