ncalls: 18
opt_density: 2019.6957570398463
opt_spacing: 651.3968404786095
opt_time: 3.488487720489502
