ncalls: 20
opt_density: 2019.6957570392556
opt_spacing: 651.3966847567146
opt_time: 3.881493091583252
