ncalls: 15
opt_density: 2022.11247067779
opt_spacing: 687.8313150119958
opt_time: 2.9478559494018555
