ncalls: 21
opt_density: 2022.1124708407415
opt_spacing: 687.8251098956862
opt_time: 4.13323712348938
