ncalls: 19
opt_density: 1783.3577110940678
opt_spacing: 919.659072372195
opt_time: 3.7986958026885986
