ncalls: 13
opt_density: 1783.5649204890053
opt_spacing: 867.1689046559335
opt_time: 2.56510853767395
