ncalls: 19
opt_density: 1783.5649206024946
opt_spacing: 867.1761719090106
opt_time: 3.841942548751831
