ncalls: 21
opt_density: 1783.3577110918998
opt_spacing: 919.6605265202204
opt_time: 4.227574110031128
