ncalls: 17
opt_density: 1783.3577110914257
opt_spacing: 919.6606306605013
opt_time: 3.3757574558258057
