ncalls: 23
opt_density: 1783.3577110652666
opt_spacing: 919.655572402608
opt_time: 4.669173955917358
