ncalls: 19
opt_density: 1783.357711093766
opt_spacing: 919.6588957102665
opt_time: 3.8318686485290527
