ncalls: 19
opt_density: 1783.5649205757131
opt_spacing: 867.1796741002672
opt_time: 4.008236885070801
