ncalls: 21
opt_density: 1783.5649206024618
opt_spacing: 867.1762773501756
opt_time: 4.213463544845581
