ncalls: 17
opt_density: 1783.564920551504
opt_spacing: 867.1810115453442
opt_time: 3.3462789058685303
