ncalls: 19
opt_density: 1783.3577110942094
opt_spacing: 919.6596397390595
opt_time: 3.82143235206604
