ncalls: 17
opt_density: 1783.5649203097487
opt_spacing: 867.187794547694
opt_time: 3.6057910919189453
