ncalls: 22
opt_density: 1783.3577110942715
opt_spacing: 919.6592893681295
opt_time: 4.4721784591674805
