ncalls: 20
opt_density: 1783.3577106726748
opt_spacing: 919.6447604777959
opt_time: 4.002878665924072
