ncalls: 19
opt_density: 1783.3577108768343
opt_spacing: 919.6488916008985
opt_time: 3.818519353866577
