ncalls: 18
opt_density: 1783.564920602254
opt_spacing: 867.1764871100623
opt_time: 3.6291744709014893
