ncalls: 20
opt_density: 1783.357710812278
opt_spacing: 919.6474304088251
opt_time: 3.9828813076019287
