ncalls: 19
opt_density: 1783.5649206024689
opt_spacing: 867.1760436990933
opt_time: 3.7732598781585693
