ncalls: 19
opt_density: 1783.3577108641193
opt_spacing: 919.6485882115036
opt_time: 3.83796763420105
