ncalls: 21
opt_density: 1783.3577110943
opt_spacing: 919.6593672667291
opt_time: 4.2111499309539795
