ncalls: 15
opt_density: 1783.3577110941515
opt_spacing: 919.6596989722979
opt_time: 2.922400951385498
