ncalls: 21
opt_density: 1783.357711094037
opt_spacing: 919.6597884670231
opt_time: 4.361258506774902
