ncalls: 21
opt_density: 1783.3577110937813
opt_spacing: 919.6589031118195
opt_time: 4.416041851043701
