ncalls: 17
opt_density: 1783.564920588978
opt_spacing: 867.1786544361033
opt_time: 3.4417669773101807
