ncalls: 18
opt_density: 1783.5649205829927
opt_spacing: 867.1731482689945
opt_time: 3.662200689315796
