ncalls: 15
opt_density: 1783.5649205496604
opt_spacing: 867.1810985932306
opt_time: 2.924873113632202
