ncalls: 18
opt_density: 1783.357711068004
opt_spacing: 919.655758203635
opt_time: 3.5580270290374756
