ncalls: 16
opt_density: 1783.3577110942604
opt_spacing: 919.6592683467395
opt_time: 3.148125171661377
