ncalls: 20
opt_density: 1783.3577106507507
opt_spacing: 919.6443842081144
opt_time: 4.0254807472229
