ncalls: 19
opt_density: 1783.3577110942222
opt_spacing: 919.6596243794792
opt_time: 3.68341064453125
