ncalls: 19
opt_density: 1783.5649206024596
opt_spacing: 867.1760248470995
opt_time: 3.8103201389312744
