ncalls: 20
opt_density: 1783.3577107309704
opt_spacing: 919.64581153441
opt_time: 4.095643758773804
