ncalls: 15
opt_density: 1783.5649205978405
opt_spacing: 867.1776209256184
opt_time: 2.974823236465454
