ncalls: 20
opt_density: 1783.3577110660456
opt_spacing: 919.6556243649472
opt_time: 4.102318048477173
