ncalls: 23
opt_density: 1783.357711094289
opt_spacing: 919.6595088732896
opt_time: 4.621403217315674
