ncalls: 18
opt_density: 1783.5649206024443
opt_spacing: 867.1759993521401
opt_time: 3.5522067546844482
