ncalls: 19
opt_density: 1783.3577110782237
opt_spacing: 919.6565566103731
opt_time: 3.887511730194092
