ncalls: 13
opt_density: 1783.56492059152
opt_spacing: 867.1738988568925
opt_time: 2.563793897628784
