ncalls: 24
opt_density: 1783.3577110942456
opt_spacing: 919.6595927629927
opt_time: 4.911053895950317
