ncalls: 18
opt_density: 1783.5649206024939
opt_spacing: 867.1761335294436
opt_time: 3.739480495452881
