ncalls: 19
opt_density: 1783.564920602259
opt_spacing: 867.1758219460868
opt_time: 3.9210667610168457
