ncalls: 19
opt_density: 1783.5649206024627
opt_spacing: 867.1760304973218
opt_time: 3.898113250732422
