ncalls: 18
opt_density: 1783.3577110942126
opt_spacing: 919.6596363409653
opt_time: 3.682537794113159
