ncalls: 22
opt_density: 1783.5649205992454
opt_spacing: 867.1773794694901
opt_time: 4.594266891479492
