ncalls: 13
opt_density: 1783.5649205983586
opt_spacing: 867.1747691366438
opt_time: 2.5404961109161377
