ncalls: 15
opt_density: 1783.3577109919713
opt_spacing: 919.6521975660642
opt_time: 2.9417788982391357
