ncalls: 24
opt_density: 1783.3577110940755
opt_spacing: 919.6597611280962
opt_time: 4.873999357223511
