ncalls: 19
opt_density: 1783.5649206021828
opt_spacing: 867.1757728602387
opt_time: 3.8095271587371826
