ncalls: 17
opt_density: 1783.5649203141452
opt_spacing: 867.1645993948889
opt_time: 3.3230326175689697
