ncalls: 20
opt_density: 1783.3577108220793
opt_spacing: 919.6476405726094
opt_time: 4.152588844299316
